10 67
10 67
10 142
13 21
13 26
13 56
13 59
13 65
13 67
13 82
13 98
13 109
13 118
13 119
13 148
14 20
14 28
14 41
14 115
14 116
14 144
14 149
16 29
16 82
16 118
17 19
17 41
17 111
17 115
17 116
17 137
17 140
17 144
19 41
19 89
19 112
19 115
19 138
20 41
20 44
20 111
20 115
20 149
21 25
21 26
21 31
21 39
21 40
21 55
21 56
21 66
21 67
21 88
21 98
21 104
21 105
21 108
21 109
21 119
21 121
21 122
21 123
21 127
21 134
21 136
21 142
22 87
23 51
23 61
23 83
23 99
23 116
23 124
23 144
24 53
24 57
24 80
24 92
24 94
24 101
25 26
25 31
25 39
25 40
25 51
25 56
25 65
25 67
25 69
25 72
25 73
25 76
25 79
25 83
25 84
25 88
25 94
25 98
25 103
25 104
25 105
25 113
25 119
25 122
25 130
25 141
25 148
26 40
26 55
26 56
26 62
26 66
26 67
26 69
26 72
26 79
26 98
26 104
26 109
26 113
26 118
26 119
26 122
26 123
26 128
26 133
26 134
26 141
26 142
27 54
27 119
28 41
28 115
28 116
28 140
28 144
28 149
29 40
29 82
29 106
29 118
30 48
30 56
30 73
31 51
31 67
31 83
31 84
31 109
31 122
31 129
31 142
32 93
32 137
33 42
35 143
36 108
36 127
36 135
38 117
38 141
39 69
39 105
39 119
39 121
39 141
40 56
40 67
40 72
40 77
40 113
40 132
40 133
40 141
40 142
41 44
41 93
41 111
41 115
41 116
41 137
41 140
41 144
44 111
45 67
45 104
45 122
45 132
45 142
46 143
48 53
48 54
48 57
48 73
48 80
48 88
48 119
48 126
48 130
50 109
50 113
50 119
50 146
50 148
51 83
51 84
53 54
53 88
53 92
53 94
53 101
53 130
53 146
54 119
55 56
55 67
55 104
55 122
55 123
56 59
56 60
56 62
56 63
56 66
56 67
56 72
56 75
56 82
56 88
56 98
56 103
56 104
56 109
56 113
56 118
56 119
56 122
56 128
56 132
56 134
56 136
56 141
56 142
57 80
57 92
57 108
58 107
59 82
59 98
59 118
62 67
62 96
62 98
62 122
62 130
62 133
62 141
62 142
64 100
64 119
64 150
65 82
65 118
66 67
66 113
66 122
66 134
66 142
67 69
67 72
67 75
67 79
67 82
67 98
67 104
67 109
67 113
67 118
67 119
67 122
67 123
67 128
67 134
67 136
67 141
67 142
68 99
68 143
69 105
69 121
72 113
72 132
72 141
73 88
73 126
73 130
75 85
77 117
79 119
80 88
80 92
80 94
80 101
82 84
82 98
82 118
82 119
82 121
82 123
82 148
83 84
87 136
88 106
88 126
88 130
89 95
89 147
91 110
92 94
92 101
93 111
93 137
94 101
95 147
96 133
98 103
98 104
98 109
98 113
98 118
98 119
98 122
98 123
98 128
98 141
98 148
99 102
99 131
99 143
100 119
100 150
103 136
104 109
104 113
104 122
104 123
104 128
104 142
105 119
105 148
108 127
109 118
109 119
109 122
109 142
109 148
111 137
113 119
113 121
113 122
113 132
113 134
113 142
113 148
115 116
115 137
115 140
115 144
115 149
116 140
116 144
116 149
118 134
119 122
119 125
119 128
119 132
119 146
119 148
119 150
120 136
122 123
122 128
122 136
122 141
122 142
123 142
125 136
127 135
127 139
128 150
131 143
132 134
133 141
134 142
136 146
137 140
140 144
144 149
146 148
